162
1 2 5
1 10 5
1 18 8
1 26 2
1 34 4
1 42 6
1 50 7
1 58 3
1 66 4
1 74 9
1 82 2
1 90 3
1 98 2
1 106 9
1 114 7
1 122 2
1 130 4
1 138 8
1 146 5
1 154 9
2 3 8
2 4 9
2 5 7
3 5 9
3 6 5
4 7 2
4 9 7
5 8 7
6 9 8
7 9 10
8 9 2
9 162 8
10 11 8
10 12 3
10 13 7
11 14 3
12 13 10
12 15 5
13 16 5
14 17 8
15 16 5
15 17 8
16 17 7
17 162 7
18 19 6
18 20 7
18 21 6
19 22 6
20 23 4
21 24 9
22 25 4
23 24 7
23 25 2
24 25 4
25 162 4
26 27 2
26 28 7
26 29 9
27 30 9
28 31 10
29 32 10
30 33 10
31 32 5
31 33 5
32 33 2
33 162 4
34 35 6
34 36 2
34 37 5
34 41 9
35 38 9
35 40 2
36 39 2
37 40 6
38 41 9
39 41 9
40 41 9
41 162 4
42 43 9
42 44 3
42 45 8
43 46 2
44 45 7
44 47 4
45 48 8
46 49 6
47 49 2
48 49 10
49 162 3
50 51 5
50 52 4
50 53 3
50 56 8
51 54 8
52 55 7
53 56 10
54 57 3
55 57 6
56 57 10
57 162 2
58 59 2
58 60 7
58 61 10
59 62 7
60 63 5
61 64 5
61 65 6
62 65 8
63 65 5
64 65 5
65 162 8
66 67 8
66 68 2
66 69 8
67 70 3
68 71 9
69 72 2
70 73 10
71 73 5
72 73 4
73 162 6
74 75 4
74 76 6
74 77 5
75 78 2
75 80 10
76 79 10
77 80 7
78 81 7
79 81 4
80 81 4
81 162 5
82 83 4
82 84 4
82 85 5
82 86 4
83 86 8
84 87 9
85 88 9
86 89 3
87 89 4
88 89 2
89 162 8
90 91 10
90 92 9
90 93 8
90 97 2
91 94 4
92 95 8
93 96 4
94 97 5
95 97 2
96 97 9
97 162 5
98 99 7
98 100 2
98 101 9
98 104 4
99 102 5
100 103 10
101 104 2
102 105 9
103 105 3
104 105 5
105 162 3
106 107 10
106 108 8
106 109 4
107 110 4
108 111 4
109 112 4
110 113 3
111 113 3
112 113 10
113 162 4
114 115 2
114 116 3
114 117 9
115 118 2
116 119 3
117 120 4
118 120 2
118 121 4
119 121 3
120 121 4
121 162 6
122 123 9
122 124 8
122 125 9
122 129 8
123 126 9
123 128 3
124 127 7
125 128 10
126 129 5
127 129 8
128 129 10
129 162 2
130 131 7
130 132 4
130 133 2
131 134 8
132 135 8
133 136 9
134 136 6
134 137 8
135 137 9
136 137 10
137 162 5
138 139 3
138 140 8
138 141 3
138 142 9
139 142 2
140 143 2
141 144 9
142 145 9
143 145 7
144 145 3
145 162 4
146 147 3
146 148 5
146 149 7
147 150 4
148 149 6
148 151 10
149 152 5
150 153 4
151 153 4
152 153 6
153 162 3
154 155 7
154 156 8
154 157 9
155 158 6
155 159 9
155 161 7
156 159 9
157 160 9
158 161 4
159 161 2
160 161 6
161 162 7
