602
1 2 8
1 10 3
1 18 6
1 26 5
1 34 6
1 42 9
1 50 6
1 58 6
1 66 7
1 74 7
1 82 10
1 90 6
1 98 9
1 106 7
1 114 10
1 122 4
1 130 2
1 138 7
1 146 8
1 154 7
1 162 4
1 170 8
1 178 4
1 186 7
1 194 8
1 202 2
1 210 8
1 218 3
1 226 2
1 234 4
1 242 9
1 250 2
1 258 6
1 266 5
1 274 6
1 282 2
1 290 8
1 298 7
1 306 2
1 314 9
1 322 3
1 330 2
1 338 5
1 346 10
1 354 4
1 362 9
1 370 3
1 378 8
1 386 2
1 394 10
1 402 7
1 410 9
1 418 10
1 426 4
1 434 4
1 442 9
1 450 4
1 458 2
1 466 10
1 474 6
1 482 9
1 490 2
1 498 3
1 506 8
1 514 9
1 522 5
1 530 3
1 538 6
1 546 9
1 554 7
1 562 10
1 570 2
1 578 9
1 586 2
1 594 3
2 3 6
2 4 7
2 5 10
3 6 3
4 7 10
5 8 5
6 7 8
6 9 2
7 9 4
8 9 5
9 602 2
10 11 7
10 12 10
10 13 10
11 14 10
12 15 3
13 16 3
14 16 5
14 17 2
15 17 2
16 17 9
17 602 5
18 19 4
18 20 6
18 21 4
19 21 7
19 22 4
20 22 4
20 23 3
21 24 3
22 25 2
23 25 9
24 25 7
25 602 3
26 27 5
26 28 5
26 29 7
26 31 4
26 33 8
27 30 3
28 31 4
29 32 3
30 33 8
31 33 3
32 33 5
33 602 7
34 35 9
34 36 5
34 37 8
35 38 3
36 39 5
37 40 9
37 41 9
38 41 8
39 41 3
40 41 7
41 602 7
42 43 7
42 44 5
42 45 2
43 46 10
44 47 2
45 47 3
45 48 10
46 49 4
47 49 10
48 49 4
49 602 2
50 51 8
50 52 2
50 53 10
50 56 2
51 54 2
52 55 6
53 56 3
54 57 10
55 57 4
56 57 8
57 602 9
58 59 9
58 60 10
58 61 3
59 62 10
59 65 9
60 63 3
61 64 7
62 64 7
62 65 2
63 65 3
64 65 3
65 602 6
66 67 6
66 68 10
66 69 6
66 72 2
67 70 10
68 71 7
68 73 4
69 72 5
70 73 4
71 73 8
72 73 7
73 602 9
74 75 7
74 76 4
74 77 3
75 78 9
76 79 4
76 81 9
77 80 10
78 81 10
79 81 7
80 81 6
81 602 3
82 83 2
82 84 3
82 85 3
83 86 6
84 87 2
84 88 5
85 88 3
86 89 6
87 89 2
88 89 9
89 602 10
90 91 8
90 92 7
90 93 6
90 94 10
91 94 2
92 95 2
93 96 7
94 97 7
95 97 9
96 97 3
97 602 3
98 99 10
98 100 9
98 101 3
99 102 3
100 103 8
100 105 7
101 104 10
102 104 2
102 105 3
103 105 10
104 105 3
105 602 2
106 107 4
106 108 6
106 109 3
107 110 6
108 111 7
109 112 2
110 113 10
111 113 6
112 113 4
113 602 3
114 115 9
114 116 6
114 117 8
114 121 2
115 118 10
116 119 2
117 120 7
118 119 7
118 121 7
119 121 10
120 121 2
121 602 9
122 123 3
122 124 7
122 125 3
122 126 2
122 128 4
123 126 3
124 127 10
125 128 3
126 129 8
127 129 2
128 129 4
129 602 5
130 131 10
130 132 2
130 133 10
131 134 2
132 135 6
133 134 3
133 136 3
134 136 3
134 137 2
135 137 7
136 137 4
137 602 8
138 139 6
138 140 2
138 141 6
139 142 4
140 141 10
140 143 9
141 142 6
141 144 8
142 145 3
143 145 5
144 145 6
145 602 6
146 147 10
146 148 4
146 149 5
147 150 2
148 151 9
149 151 7
149 152 3
150 151 3
150 153 2
151 153 2
152 153 9
153 602 6
154 155 5
154 156 7
154 157 3
155 158 9
156 157 3
156 159 3
157 160 3
158 161 3
159 161 9
160 161 4
161 602 6
162 163 2
162 164 6
162 165 7
163 166 6
164 167 3
164 169 3
165 168 3
166 169 4
167 169 9
168 169 7
169 602 3
170 171 6
170 172 2
170 173 7
171 174 2
172 175 10
173 174 7
173 176 2
174 177 6
175 177 8
176 177 8
177 602 5
178 179 9
178 180 10
178 181 2
179 182 3
180 183 9
180 185 9
181 182 4
181 184 5
182 185 3
183 185 7
184 185 4
185 602 6
186 187 9
186 188 10
186 189 6
186 191 8
187 190 6
188 191 3
189 192 4
189 193 3
190 193 9
191 193 4
192 193 4
193 602 6
194 195 7
194 196 4
194 197 6
195 198 9
195 200 10
196 199 10
197 200 7
198 201 5
199 201 10
200 201 9
201 602 7
202 203 9
202 204 7
202 205 8
202 206 9
203 206 5
204 207 5
205 208 9
206 209 7
207 209 5
208 209 7
209 602 8
210 211 9
210 212 2
210 213 8
211 212 4
211 214 5
212 215 7
213 216 8
214 217 8
215 217 10
216 217 4
217 602 10
218 219 5
218 220 5
218 221 8
219 221 6
219 222 9
220 223 6
221 224 2
222 225 4
223 224 3
223 225 6
224 225 8
225 602 7
226 227 9
226 228 6
226 229 9
227 230 9
228 231 5
229 230 6
229 232 7
229 233 10
230 233 5
231 233 7
232 233 3
233 602 5
234 235 6
234 236 7
234 237 2
235 238 6
236 239 4
237 240 6
238 240 2
238 241 10
239 241 6
240 241 8
241 602 7
242 243 9
242 244 4
242 245 3
243 246 5
244 247 8
244 248 2
245 248 4
246 249 8
247 249 4
248 249 5
249 602 9
250 251 5
250 252 9
250 253 8
251 254 9
252 255 9
252 256 4
253 256 3
254 257 4
255 256 8
255 257 4
256 257 6
257 602 9
258 259 5
258 260 6
258 261 10
259 262 5
260 263 8
261 264 7
262 263 10
262 265 3
263 265 6
264 265 9
265 602 3
266 267 10
266 268 3
266 269 5
267 270 9
267 271 6
268 271 10
269 272 4
270 273 4
271 273 6
272 273 6
273 602 3
274 275 8
274 276 4
274 277 9
274 279 4
275 278 5
276 279 7
277 278 10
277 280 6
278 281 10
279 281 4
280 281 9
281 602 4
282 283 5
282 284 6
282 285 10
283 286 8
283 287 2
284 287 3
285 286 3
285 288 5
286 289 4
287 289 5
288 289 4
289 602 10
290 291 3
290 292 9
290 293 4
291 294 10
291 296 3
292 295 7
293 296 5
294 297 4
295 296 8
295 297 7
296 297 2
297 602 2
298 299 4
298 300 7
298 301 10
298 305 5
299 302 3
300 303 2
301 304 9
302 305 10
303 304 3
303 305 2
304 305 7
305 602 3
306 307 5
306 308 9
306 309 4
307 310 6
307 311 4
307 313 4
308 311 3
309 312 5
310 313 7
311 313 9
312 313 4
313 602 4
314 315 5
314 316 9
314 317 2
315 318 2
316 319 2
317 320 2
318 319 3
318 321 10
319 320 4
319 321 10
320 321 6
321 602 9
322 323 9
322 324 3
322 325 7
323 326 8
324 327 4
325 328 8
326 329 2
327 329 10
328 329 10
329 602 8
330 331 2
330 332 9
330 333 5
331 334 10
332 335 10
333 336 4
334 337 7
335 337 9
336 337 7
337 602 8
338 339 3
338 340 7
338 341 3
339 342 2
339 344 3
340 343 8
341 344 8
342 345 9
343 345 7
344 345 8
345 602 8
346 347 5
346 348 3
346 349 3
346 352 2
347 350 6
348 349 5
348 351 2
349 352 7
350 353 10
351 353 7
352 353 6
353 602 8
354 355 4
354 356 8
354 357 8
354 358 7
355 358 10
356 357 3
356 359 4
357 360 8
358 361 7
359 361 5
360 361 6
361 602 2
362 363 9
362 364 4
362 365 3
363 366 9
364 365 9
364 367 10
364 368 9
365 368 2
366 369 6
367 369 8
368 369 5
369 602 5
370 371 2
370 372 6
370 373 6
371 374 2
372 375 5
373 375 5
373 376 7
374 377 3
375 377 2
376 377 9
377 602 4
378 379 4
378 380 10
378 381 3
378 384 2
379 382 2
380 383 10
381 384 9
381 385 6
382 385 10
383 385 2
384 385 4
385 602 6
386 387 6
386 388 2
386 389 7
387 390 9
388 391 6
389 391 7
389 392 7
389 393 9
390 393 7
391 393 6
392 393 2
393 602 5
394 395 8
394 396 10
394 397 2
395 398 9
396 399 2
396 400 6
397 400 2
398 400 7
398 401 4
399 401 4
400 401 3
401 602 9
402 403 10
402 404 8
402 405 2
402 407 2
403 406 2
404 407 10
405 408 8
405 409 4
406 409 5
407 409 5
408 409 5
409 602 7
410 411 3
410 412 4
410 413 3
410 415 10
411 414 2
411 415 8
412 415 6
413 416 8
414 417 2
415 417 6
416 417 8
417 602 5
418 419 5
418 420 8
418 421 3
419 422 4
420 423 6
421 424 5
421 425 3
422 425 9
423 425 9
424 425 5
425 602 7
426 427 10
426 428 5
426 429 2
427 429 9
427 430 9
428 431 9
429 432 4
430 431 6
430 433 3
431 433 3
432 433 2
433 602 8
434 435 4
434 436 6
434 437 5
435 436 8
435 438 10
436 437 5
436 439 9
437 440 4
438 441 10
439 441 6
440 441 3
441 602 8
442 443 5
442 444 7
442 445 3
443 446 8
443 447 7
444 447 10
444 449 10
445 448 7
446 449 10
447 449 8
448 449 7
449 602 7
450 451 4
450 452 10
450 453 6
450 457 7
451 454 2
452 455 5
453 456 6
454 457 5
455 456 4
455 457 2
456 457 7
457 602 8
458 459 6
458 460 4
458 461 7
459 462 2
460 463 2
460 464 2
461 464 7
462 465 2
463 465 5
464 465 2
465 602 3
466 467 5
466 468 2
466 469 2
467 470 6
468 471 6
468 472 7
469 472 10
470 473 9
471 473 5
472 473 3
473 602 8
474 475 4
474 476 5
474 477 4
474 481 3
475 478 8
476 479 2
477 480 9
478 481 3
479 480 7
479 481 3
480 481 8
481 602 5
482 483 10
482 484 2
482 485 3
483 484 3
483 486 8
484 487 5
484 488 2
485 488 6
486 489 5
487 489 10
488 489 4
489 602 3
490 491 7
490 492 6
490 493 2
491 494 5
492 494 9
492 495 6
493 494 4
493 496 10
494 497 2
495 497 10
496 497 6
497 602 4
498 499 9
498 500 4
498 501 5
499 501 7
499 502 5
500 503 9
501 504 4
502 505 3
503 505 9
504 505 9
505 602 4
506 507 3
506 508 6
506 509 8
507 510 6
508 509 10
508 511 8
509 511 8
509 512 7
510 513 6
511 513 7
512 513 10
513 602 5
514 515 4
514 516 5
514 517 8
515 518 10
516 517 3
516 519 2
517 520 6
518 521 3
519 521 2
520 521 8
521 602 8
522 523 4
522 524 6
522 525 5
523 526 9
524 526 3
524 527 7
524 528 9
525 528 5
526 529 7
527 529 6
528 529 8
529 602 4
530 531 2
530 532 4
530 533 5
531 534 8
532 533 5
532 535 6
533 536 2
534 537 9
535 537 8
536 537 2
537 602 2
538 539 3
538 540 4
538 541 9
538 545 6
539 542 5
540 543 8
541 544 10
542 545 4
543 545 9
544 545 9
545 602 7
546 547 4
546 548 10
546 549 7
547 550 3
548 551 8
549 552 6
550 553 8
551 553 10
552 553 4
553 602 9
554 555 4
554 556 3
554 557 6
555 558 10
556 559 2
557 559 2
557 560 2
558 561 6
559 561 10
560 561 3
561 602 8
562 563 6
562 564 8
562 565 4
562 567 5
563 566 4
564 567 9
565 568 10
566 569 2
567 568 4
567 569 5
568 569 2
569 602 3
570 571 9
570 572 9
570 573 2
570 577 9
571 574 6
572 575 10
573 576 6
574 577 6
575 577 8
576 577 2
577 602 9
578 579 5
578 580 4
578 581 4
579 582 8
580 583 9
580 585 8
581 584 7
581 585 5
582 585 3
583 585 5
584 585 3
585 602 8
586 587 6
586 588 6
586 589 6
587 590 5
588 589 3
588 591 8
589 592 5
590 593 4
591 593 8
592 593 2
593 602 3
594 595 9
594 596 9
594 597 4
595 598 3
595 599 3
596 599 8
597 600 9
598 601 3
599 601 4
600 601 6
601 602 5
