402
1 2 7
1 10 6
1 18 5
1 26 4
1 34 10
1 42 8
1 50 5
1 58 9
1 66 6
1 74 10
1 82 4
1 90 5
1 98 8
1 106 6
1 114 4
1 122 8
1 130 6
1 138 10
1 146 2
1 154 6
1 162 7
1 170 7
1 178 7
1 186 2
1 194 6
1 202 9
1 210 2
1 218 2
1 226 5
1 234 2
1 242 3
1 250 10
1 258 9
1 266 8
1 274 5
1 282 5
1 290 2
1 298 10
1 306 5
1 314 7
1 322 6
1 330 10
1 338 3
1 346 4
1 354 7
1 362 3
1 370 6
1 378 7
1 386 5
1 394 9
2 3 5
2 4 6
2 5 4
3 6 2
4 7 4
5 8 4
6 9 9
7 9 7
8 9 4
9 402 10
10 11 10
10 12 9
10 13 9
10 17 4
11 14 9
12 15 6
13 16 6
14 17 10
15 17 5
16 17 8
17 402 8
18 19 8
18 20 4
18 21 7
19 21 3
19 22 3
20 23 6
21 24 2
22 24 10
22 25 10
23 25 3
24 25 5
25 402 6
26 27 3
26 28 4
26 29 6
27 30 10
28 31 3
29 32 7
30 33 2
31 33 2
32 33 4
33 402 10
34 35 3
34 36 8
34 37 7
35 38 2
36 38 9
36 39 8
37 40 3
38 41 2
39 41 6
40 41 10
41 402 6
42 43 10
42 44 4
42 45 10
43 46 8
44 46 6
44 47 10
45 48 5
46 49 3
47 49 9
48 49 7
49 402 9
50 51 2
50 52 10
50 53 5
51 54 5
52 55 9
53 56 2
54 57 4
55 57 7
56 57 2
57 402 3
58 59 4
58 60 4
58 61 7
59 62 9
60 63 2
61 63 8
61 64 2
62 65 10
63 65 2
64 65 2
65 402 5
66 67 9
66 68 4
66 69 9
67 70 5
68 71 10
68 72 9
69 72 4
70 73 7
71 73 7
72 73 10
73 402 8
74 75 10
74 76 7
74 77 6
75 78 3
75 79 3
76 79 3
76 81 2
77 80 4
78 81 9
79 81 5
80 81 10
81 402 2
82 83 6
82 84 6
82 85 2
83 86 5
83 87 2
84 85 9
84 87 10
85 88 10
86 89 9
87 89 10
88 89 8
89 402 9
90 91 7
90 92 6
90 93 5
91 94 5
92 95 5
93 96 10
93 97 6
94 97 6
95 97 3
96 97 7
97 402 6
98 99 4
98 100 8
98 101 6
99 102 2
99 104 9
100 103 7
101 104 9
102 105 6
103 105 4
104 105 2
105 402 9
106 107 7
106 108 5
106 109 6
107 110 5
108 111 5
108 113 10
109 110 5
109 112 10
110 113 5
111 113 9
112 113 3
113 402 6
114 115 3
114 116 9
114 117 6
115 118 8
116 119 9
117 120 10
118 121 10
119 121 9
120 121 10
121 402 3
122 123 6
122 124 10
122 125 10
123 126 2
124 127 9
124 129 7
125 128 2
126 129 7
127 129 5
128 129 7
129 402 3
130 131 8
130 132 5
130 133 4
130 134 9
131 134 5
132 133 8
132 135 9
133 136 7
134 137 9
135 137 2
136 137 7
137 402 2
138 139 9
138 140 5
138 141 9
139 142 3
140 143 8
141 144 7
142 145 10
143 145 9
144 145 9
145 402 5
146 147 9
146 148 2
146 149 4
146 151 6
147 150 5
147 151 4
148 151 7
149 152 6
150 153 6
151 153 10
152 153 8
153 402 9
154 155 9
154 156 5
154 157 2
154 161 9
155 158 3
156 159 6
157 160 7
158 161 6
159 161 8
160 161 3
161 402 4
162 163 5
162 164 9
162 165 6
163 166 4
164 167 6
165 167 9
165 168 2
166 167 5
166 169 3
167 169 3
168 169 5
169 402 2
170 171 5
170 172 9
170 173 10
171 174 6
172 175 4
172 176 10
173 176 10
174 177 9
175 177 2
176 177 7
177 402 4
178 179 3
178 180 9
178 181 9
179 182 6
179 183 10
179 184 10
180 183 8
181 184 4
182 185 6
183 185 2
184 185 2
185 402 9
186 187 4
186 188 4
186 189 9
187 190 10
187 191 2
188 191 2
189 192 7
190 193 8
191 192 8
191 193 7
192 193 3
193 402 9
194 195 6
194 196 2
194 197 9
194 200 7
195 198 3
196 199 5
197 200 10
198 200 9
198 201 9
199 201 4
200 201 3
201 402 2
202 203 8
202 204 10
202 205 7
203 206 8
204 207 3
205 208 3
206 209 10
207 209 4
208 209 6
209 402 3
210 211 8
210 212 10
210 213 2
211 214 9
212 214 9
212 215 6
213 216 2
214 217 6
215 217 9
216 217 7
217 402 9
218 219 8
218 220 4
218 221 6
219 222 8
220 223 5
220 225 2
221 224 9
222 225 3
223 225 9
224 225 2
225 402 6
226 227 3
226 228 9
226 229 8
226 232 9
227 230 8
227 231 6
228 231 3
229 232 2
230 233 4
231 233 6
232 233 7
233 402 3
234 235 9
234 236 10
234 237 5
235 238 5
236 238 7
236 239 3
237 240 9
238 241 9
239 241 10
240 241 7
241 402 6
242 243 3
242 244 8
242 245 2
243 246 8
244 245 2
244 247 3
245 248 3
246 247 9
246 249 3
247 249 7
248 249 3
249 402 3
250 251 4
250 252 3
250 253 7
251 254 7
252 255 3
253 256 10
253 257 9
254 255 7
254 257 3
255 257 7
256 257 9
257 402 4
258 259 8
258 260 9
258 261 9
258 262 3
259 262 4
260 263 2
261 264 10
262 265 6
263 264 7
263 265 5
264 265 3
265 402 2
266 267 4
266 268 6
266 269 4
266 270 4
267 269 3
267 270 3
268 271 8
269 272 7
270 273 2
271 273 5
272 273 5
273 402 6
274 275 6
274 276 7
274 277 8
275 278 4
276 279 2
277 280 10
278 281 9
279 281 3
280 281 3
281 402 8
282 283 4
282 284 5
282 285 9
283 285 9
283 286 2
284 287 2
285 288 4
285 289 5
286 289 7
287 289 9
288 289 3
289 402 4
290 291 2
290 292 3
290 293 7
291 294 9
292 295 5
293 296 8
294 296 3
294 297 2
295 297 10
296 297 5
297 402 10
298 299 7
298 300 5
298 301 9
299 302 2
300 303 5
301 304 8
302 305 9
303 305 10
304 305 6
305 402 7
306 307 3
306 308 3
306 309 7
306 313 9
307 308 4
307 310 9
308 311 6
309 312 8
310 313 10
311 313 7
312 313 3
313 402 7
314 315 8
314 316 7
314 317 10
315 316 9
315 318 9
316 319 5
317 320 10
318 321 9
319 321 4
320 321 5
321 402 3
322 323 4
322 324 6
322 325 5
323 326 7
324 325 7
324 327 7
325 327 8
325 328 7
326 329 9
327 329 4
328 329 9
329 402 7
330 331 10
330 332 8
330 333 8
331 334 9
332 335 4
333 336 7
334 337 10
335 337 3
336 337 6
337 402 2
338 339 10
338 340 10
338 341 10
339 342 10
339 345 2
340 343 6
341 344 2
342 345 3
343 345 6
344 345 3
345 402 2
346 347 8
346 348 10
346 349 6
346 353 7
347 348 7
347 350 9
348 351 5
349 352 6
350 353 4
351 353 5
352 353 9
353 402 2
354 355 3
354 356 6
354 357 2
355 358 4
356 359 3
357 360 7
358 361 2
359 361 9
360 361 4
361 402 10
362 363 3
362 364 3
362 365 2
363 366 3
364 367 4
365 368 10
366 369 5
367 369 2
368 369 8
369 402 3
370 371 6
370 372 5
370 373 5
371 374 10
372 375 8
373 376 10
374 377 7
375 377 5
376 377 8
377 402 7
378 379 3
378 380 9
378 381 10
379 382 5
380 383 4
381 384 4
382 385 4
383 385 5
384 385 8
385 402 5
386 387 9
386 388 10
386 389 5
387 390 8
388 391 9
389 392 10
390 393 10
391 393 5
392 393 10
393 402 4
394 395 3
394 396 9
394 397 5
395 397 4
395 398 7
396 399 5
397 400 10
398 400 6
398 401 7
399 401 7
400 401 6
401 402 4
