82
1 2 3
1 10 7
1 18 6
1 26 5
1 34 6
1 42 8
1 50 10
1 58 10
1 66 7
1 74 6
2 3 5
2 4 2
2 5 5
2 9 6
3 6 3
4 7 4
5 8 9
6 8 6
6 9 10
7 9 3
8 9 9
9 82 6
10 11 6
10 12 5
10 13 5
11 14 9
12 15 7
13 16 7
14 17 2
15 17 2
16 17 4
17 82 9
18 19 8
18 20 5
18 21 4
18 22 2
19 22 8
20 23 7
21 24 7
21 25 3
22 25 6
23 25 4
24 25 2
25 82 2
26 27 4
26 28 5
26 29 7
27 30 6
28 30 3
28 31 4
29 32 7
30 33 8
31 33 3
32 33 9
33 82 2
34 35 4
34 36 4
34 37 7
34 40 5
35 38 7
36 39 9
37 40 3
38 41 3
39 41 7
40 41 7
41 82 7
42 43 2
42 44 9
42 45 2
43 46 9
43 48 2
44 47 2
45 48 5
46 49 8
47 49 9
48 49 3
49 82 5
50 51 8
50 52 6
50 53 5
51 54 6
52 55 10
53 54 2
53 56 3
54 57 10
55 57 8
56 57 8
57 82 4
58 59 9
58 60 5
58 61 3
58 62 10
59 62 5
60 63 7
61 64 7
61 65 6
62 65 10
63 65 2
64 65 7
65 82 10
66 67 10
66 68 9
66 69 6
66 72 10
67 70 5
68 71 7
69 72 9
70 73 8
71 73 8
72 73 6
73 82 9
74 75 6
74 76 4
74 77 3
74 81 6
75 78 4
76 79 8
77 80 4
78 81 5
79 81 2
80 81 10
81 82 3
