122
1 2 5
1 10 4
1 18 2
1 26 6
1 34 7
1 42 5
1 50 2
1 58 7
1 66 4
1 74 3
1 82 2
1 90 3
1 98 10
1 106 4
1 114 2
2 3 7
2 4 4
2 5 6
2 7 8
3 6 9
4 7 6
5 8 2
6 9 3
7 9 5
8 9 2
9 122 7
10 11 3
10 12 7
10 13 7
11 14 2
11 17 2
12 15 4
13 16 9
14 17 8
15 16 9
15 17 8
16 17 6
17 122 2
18 19 5
18 20 2
18 21 9
19 22 5
20 23 4
21 24 4
22 25 8
23 25 5
24 25 3
25 122 4
26 27 6
26 28 6
26 29 3
26 32 8
27 30 3
28 29 3
28 31 9
29 32 4
30 33 5
31 33 4
32 33 2
33 122 8
34 35 6
34 36 5
34 37 9
35 38 4
35 39 5
36 39 6
37 40 5
38 41 4
39 41 4
40 41 8
41 122 4
42 43 8
42 44 6
42 45 8
42 46 3
43 46 2
44 47 8
45 48 2
46 49 10
47 49 2
48 49 9
49 122 7
50 51 4
50 52 8
50 53 2
50 56 3
51 54 7
51 56 5
52 55 2
53 56 9
54 57 6
55 57 5
56 57 9
57 122 10
58 59 6
58 60 2
58 61 4
59 62 6
60 63 9
61 64 8
62 65 7
63 65 8
64 65 4
65 122 3
66 67 7
66 68 10
66 69 3
67 70 7
68 71 8
69 72 10
70 73 5
71 73 9
72 73 3
73 122 6
74 75 8
74 76 5
74 77 4
75 78 10
75 79 4
76 79 5
76 80 10
77 80 6
78 81 7
79 81 3
80 81 3
81 122 9
82 83 3
82 84 4
82 85 9
83 86 7
83 89 2
84 87 3
85 88 8
86 89 7
87 89 8
88 89 10
89 122 7
90 91 5
90 92 8
90 93 3
91 94 3
92 95 7
93 94 4
93 96 8
94 97 8
95 97 6
96 97 4
97 122 8
98 99 6
98 100 10
98 101 8
99 102 9
99 105 4
100 102 8
100 103 9
101 104 6
102 105 8
103 105 7
104 105 8
105 122 3
106 107 5
106 108 7
106 109 8
107 110 3
108 111 3
109 110 6
109 112 3
110 111 3
110 113 7
111 113 7
112 113 10
113 122 8
114 115 6
114 116 2
114 117 9
115 118 6
116 119 2
116 120 6
117 119 10
117 120 3
118 121 8
119 121 7
120 121 3
121 122 5
