802
1 2 3
1 10 2
1 18 5
1 26 4
1 34 5
1 42 3
1 50 5
1 58 9
1 66 6
1 74 10
1 82 9
1 90 9
1 98 4
1 106 2
1 114 9
1 122 8
1 130 6
1 138 10
1 146 7
1 154 10
1 162 8
1 170 7
1 178 3
1 186 2
1 194 6
1 202 5
1 210 2
1 218 2
1 226 10
1 234 3
1 242 3
1 250 5
1 258 5
1 266 4
1 274 9
1 282 10
1 290 2
1 298 10
1 306 5
1 314 3
1 322 6
1 330 5
1 338 3
1 346 4
1 354 3
1 362 3
1 370 6
1 378 7
1 386 9
1 394 4
1 402 10
1 410 3
1 418 9
1 426 7
1 434 2
1 442 4
1 450 8
1 458 10
1 466 9
1 474 5
1 482 8
1 490 5
1 498 6
1 506 6
1 514 7
1 522 3
1 530 7
1 538 5
1 546 8
1 554 6
1 562 5
1 570 5
1 578 3
1 586 5
1 594 2
1 602 8
1 610 7
1 618 8
1 626 6
1 634 8
1 642 9
1 650 10
1 658 8
1 666 5
1 674 6
1 682 6
1 690 10
1 698 2
1 706 10
1 714 10
1 722 9
1 730 9
1 738 7
1 746 5
1 754 8
1 762 8
1 770 7
1 778 4
1 786 9
1 794 9
2 3 5
2 4 6
2 5 4
3 6 7
3 7 3
4 7 8
5 8 9
6 9 10
7 9 7
8 9 9
9 802 5
10 11 10
10 12 9
10 13 4
11 14 4
12 15 6
13 16 2
14 15 4
14 17 5
15 17 5
16 17 8
17 802 4
18 19 3
18 20 9
18 21 3
19 22 7
20 23 2
20 24 5
21 24 2
21 25 9
22 25 10
23 25 3
24 25 10
25 802 6
26 27 4
26 28 9
26 29 10
27 30 10
27 32 7
28 31 7
28 33 9
29 32 7
30 33 7
31 33 2
32 33 9
33 802 10
34 35 3
34 36 3
34 37 2
35 37 5
35 38 2
36 39 8
37 40 3
38 41 2
39 41 2
40 41 6
41 802 6
42 43 6
42 44 9
42 45 10
43 46 9
44 47 6
45 48 5
46 49 8
47 49 4
48 49 3
49 802 5
50 51 2
50 52 5
50 53 5
50 56 4
51 54 9
52 55 5
53 56 2
54 57 4
55 57 8
56 57 3
57 802 3
58 59 8
58 60 9
58 61 7
59 62 4
60 62 10
60 63 7
61 64 6
62 65 5
63 65 6
64 65 2
65 802 5
66 67 5
66 68 8
66 69 5
66 72 4
67 70 5
68 71 2
69 72 8
70 73 7
71 73 2
72 73 6
73 802 8
74 75 10
74 76 3
74 77 7
75 76 4
75 78 8
75 79 6
76 79 7
77 80 8
78 81 9
79 81 5
80 81 5
81 802 7
82 83 6
82 84 2
82 85 7
83 86 10
84 87 10
85 88 6
86 89 5
87 89 6
88 89 8
89 802 5
90 91 3
90 92 6
90 93 5
91 94 6
92 95 10
93 96 10
94 97 2
95 97 3
96 97 2
97 802 6
98 99 9
98 100 3
98 101 2
98 102 8
99 102 2
100 103 7
101 104 4
102 105 10
103 105 4
104 105 6
105 802 5
106 107 2
106 108 5
106 109 2
107 110 5
107 113 3
108 111 6
109 112 10
110 113 5
111 113 4
112 113 7
113 802 6
114 115 8
114 116 4
114 117 2
115 117 2
115 118 8
116 119 5
116 121 5
117 120 10
118 121 10
119 121 5
120 121 5
121 802 7
122 123 2
122 124 10
122 125 6
123 126 6
124 127 4
125 128 2
126 129 7
127 129 10
128 129 3
129 802 3
130 131 4
130 132 5
130 133 8
130 135 8
131 134 5
132 135 9
133 136 2
134 137 10
135 137 6
136 137 3
137 802 3
138 139 10
138 140 5
138 141 9
139 142 3
139 145 7
140 143 3
141 143 4
141 144 7
142 145 2
143 145 4
144 145 4
145 802 10
146 147 4
146 148 7
146 149 4
147 150 6
148 151 3
148 153 3
149 151 9
149 152 7
150 153 6
151 153 10
152 153 8
153 802 5
154 155 9
154 156 10
154 157 6
154 161 4
155 158 8
156 159 7
157 160 2
158 161 6
159 161 8
160 161 8
161 802 4
162 163 10
162 164 5
162 165 10
163 164 4
163 166 5
164 167 6
165 168 2
166 169 8
167 169 3
168 169 10
169 802 6
170 171 5
170 172 5
170 173 10
171 174 10
171 177 8
172 175 4
173 176 10
174 177 5
175 177 3
176 177 3
177 802 4
178 179 8
178 180 9
178 181 5
179 182 2
179 183 8
179 184 6
180 183 8
181 184 4
182 185 6
183 185 2
184 185 7
185 802 4
186 187 8
186 188 4
186 189 9
187 190 5
188 191 6
189 191 8
189 192 7
190 193 4
191 193 3
192 193 7
193 802 4
194 195 6
194 196 2
194 197 9
195 198 3
195 200 5
196 198 8
196 199 5
197 200 6
198 201 4
199 201 4
200 201 3
201 802 6
202 203 4
202 204 5
202 205 2
203 206 8
204 207 8
205 208 3
206 209 6
207 208 6
207 209 4
208 209 6
209 802 3
210 211 8
210 212 10
210 213 7
211 214 9
212 215 10
213 216 2
214 217 7
215 217 9
216 217 2
217 802 9
218 219 8
218 220 9
218 221 6
219 222 8
219 223 9
220 223 10
221 224 9
222 225 7
223 225 5
224 225 2
225 802 2
226 227 8
226 228 9
226 229 4
227 228 4
227 230 8
228 230 10
228 231 3
229 232 2
230 233 9
231 233 10
232 233 7
233 802 8
234 235 9
234 236 10
234 237 5
235 236 5
235 238 10
235 239 9
236 239 7
237 240 5
238 241 9
239 241 10
240 241 7
241 802 10
242 243 4
242 244 3
242 245 7
243 244 3
243 245 3
243 246 4
244 247 3
245 248 8
246 249 7
247 249 7
248 249 3
249 802 3
250 251 4
250 252 8
250 253 3
250 255 3
251 254 8
252 255 3
253 256 10
254 257 3
255 256 2
255 257 8
256 257 9
257 802 8
258 259 4
258 260 4
258 261 5
259 262 4
260 261 7
260 263 7
261 262 7
261 264 6
262 265 6
263 265 5
264 265 7
265 802 6
266 267 9
266 268 2
266 269 9
267 270 8
267 273 6
268 271 9
269 272 3
270 271 9
270 273 7
271 273 5
272 273 5
273 802 2
274 275 2
274 276 3
274 277 8
275 278 8
276 279 2
277 280 10
278 281 5
279 280 8
279 281 8
280 281 3
281 802 3
282 283 9
282 284 10
282 285 5
283 286 6
284 287 7
284 289 4
285 288 4
286 288 8
286 289 3
287 289 9
288 289 7
289 802 5
290 291 6
290 292 8
290 293 2
290 295 10
291 294 4
292 295 6
293 296 8
294 297 2
295 297 10
296 297 9
297 802 10
298 299 7
298 300 10
298 301 9
299 301 9
299 302 6
300 303 5
301 304 8
302 305 9
303 305 5
304 305 10
305 802 2
306 307 8
306 308 8
306 309 7
306 313 8
307 310 9
307 313 4
308 311 2
309 312 3
310 313 10
311 313 7
312 313 7
313 802 3
314 315 4
314 316 8
314 317 6
314 319 10
315 318 9
316 319 6
317 320 5
318 321 4
319 321 4
320 321 5
321 802 7
322 323 4
322 324 7
322 325 10
323 326 3
324 327 7
325 328 2
326 328 4
326 329 10
327 329 4
328 329 4
329 802 7
330 331 5
330 332 4
330 333 4
331 334 5
331 336 9
332 335 5
333 336 2
334 337 6
335 337 3
336 337 10
337 802 2
338 339 6
338 340 6
338 341 6
339 342 6
340 343 7
341 344 2
342 345 3
343 345 2
344 345 3
345 802 7
346 347 8
346 348 10
346 349 6
347 350 4
348 351 10
349 351 9
349 352 6
350 353 9
351 353 10
352 353 5
353 802 7
354 355 3
354 356 6
354 357 7
354 359 8
355 358 4
356 359 3
357 360 2
358 361 6
359 361 9
360 361 4
361 802 5
362 363 8
362 364 3
362 365 6
363 366 4
364 367 4
365 368 10
366 369 9
367 369 3
368 369 8
369 802 3
370 371 10
370 372 9
370 373 9
371 374 10
371 377 5
372 375 4
372 376 6
373 376 10
374 377 7
375 377 9
376 377 8
377 802 7
378 379 7
378 380 5
378 381 6
378 384 10
379 381 4
379 382 5
380 383 9
381 384 8
382 385 9
383 385 9
384 385 3
385 802 5
386 387 9
386 388 10
386 389 5
387 390 8
388 391 5
389 392 10
390 391 3
390 393 10
391 393 5
392 393 5
393 802 9
394 395 3
394 396 9
394 397 5
395 398 3
395 401 8
396 399 10
397 400 10
398 401 3
399 401 3
400 401 6
401 802 4
402 403 5
402 404 7
402 405 10
403 406 5
404 407 8
405 407 6
405 408 3
406 409 8
407 408 3
407 409 4
408 409 8
409 802 6
410 411 2
410 412 2
410 413 6
410 417 6
411 414 9
412 415 5
413 416 7
414 416 4
414 417 10
415 417 9
416 417 2
417 802 9
418 419 9
418 420 7
418 421 10
418 425 2
419 422 3
420 423 9
421 424 4
422 425 8
423 425 3
424 425 8
425 802 6
426 427 9
426 428 4
426 429 10
426 430 7
427 430 8
428 431 3
429 432 7
430 433 6
431 433 6
432 433 10
433 802 2
434 435 7
434 436 5
434 437 8
434 441 2
435 438 5
436 439 8
437 440 3
438 441 5
439 441 9
440 441 6
441 802 3
442 443 8
442 444 10
442 445 6
443 445 9
443 446 7
444 447 9
444 449 4
445 448 10
446 449 8
447 449 2
448 449 5
449 802 6
450 451 3
450 452 4
450 453 9
451 454 9
451 455 6
452 453 3
452 455 9
453 456 5
454 457 3
455 457 10
456 457 10
457 802 3
458 459 5
458 460 7
458 461 6
459 460 7
459 462 10
460 462 6
460 463 10
461 464 2
462 465 5
463 465 4
464 465 5
465 802 2
466 467 8
466 468 5
466 469 10
467 470 10
467 473 6
468 471 4
469 472 5
470 472 7
470 473 3
471 473 3
472 473 6
473 802 7
474 475 7
474 476 4
474 477 7
475 478 3
476 479 10
477 480 8
478 479 2
478 481 10
479 481 6
480 481 7
481 802 8
482 483 4
482 484 9
482 485 2
482 487 10
483 486 2
484 487 9
484 488 3
485 488 5
486 489 3
487 489 9
488 489 3
489 802 2
490 491 10
490 492 5
490 493 5
490 497 10
491 494 4
492 495 5
492 496 3
493 496 8
494 497 5
495 497 5
496 497 5
497 802 8
498 499 4
498 500 7
498 501 9
499 502 4
500 502 6
500 503 8
501 504 3
502 505 2
503 505 8
504 505 3
505 802 3
506 507 2
506 508 9
506 509 7
507 510 5
508 511 2
509 511 2
509 512 6
510 513 10
511 513 10
512 513 9
513 802 8
514 515 3
514 516 9
514 517 3
515 516 2
515 518 5
516 519 10
517 520 9
518 521 6
519 521 10
520 521 2
521 802 7
522 523 8
522 524 9
522 525 9
523 526 8
523 528 8
524 527 2
525 528 4
526 528 5
526 529 6
527 529 9
528 529 6
529 802 7
530 531 5
530 532 2
530 533 4
530 534 2
531 534 7
532 535 10
533 536 10
534 537 8
535 536 9
535 537 2
536 537 10
537 802 5
538 539 2
538 540 2
538 541 8
539 542 3
540 543 7
540 545 9
541 544 4
541 545 6
542 545 3
543 545 8
544 545 8
545 802 10
546 547 3
546 548 8
546 549 6
547 550 2
548 551 3
548 553 8
549 552 5
550 551 9
550 553 2
551 553 9
552 553 2
553 802 8
554 555 7
554 556 6
554 557 5
555 557 8
555 558 9
556 559 10
557 560 5
558 561 5
559 561 8
560 561 2
561 802 3
562 563 5
562 564 7
562 565 3
563 566 3
564 565 7
564 567 8
565 568 9
566 569 10
567 569 9
568 569 5
569 802 2
570 571 8
570 572 4
570 573 10
571 574 9
572 575 4
572 576 7
573 576 5
574 577 4
575 577 7
576 577 5
577 802 8
578 579 8
578 580 8
578 581 3
578 582 10
578 584 6
579 582 6
580 583 3
581 584 6
582 585 7
583 585 4
584 585 2
585 802 7
586 587 9
586 588 5
586 589 9
586 591 10
587 590 9
588 591 3
589 591 9
589 592 4
590 593 7
591 593 7
592 593 6
593 802 6
594 595 3
594 596 8
594 597 3
595 598 10
596 599 2
597 600 3
598 601 2
599 601 7
600 601 9
601 802 9
602 603 9
602 604 7
602 605 7
603 604 9
603 606 5
604 607 4
605 608 7
606 609 6
607 609 10
608 609 8
609 802 9
610 611 2
610 612 3
610 613 4
611 614 6
612 615 10
613 615 9
613 616 2
614 617 8
615 617 2
616 617 10
617 802 7
618 619 4
618 620 8
618 621 6
618 624 7
619 622 9
620 623 10
620 625 6
621 624 6
622 625 4
623 625 2
624 625 9
625 802 2
626 627 6
626 628 9
626 629 3
627 630 4
628 631 6
628 633 10
629 630 3
629 632 10
630 633 8
631 633 2
632 633 2
633 802 4
634 635 7
634 636 7
634 637 2
635 638 6
635 640 10
636 639 4
636 641 8
637 640 3
638 641 5
639 641 4
640 641 3
641 802 8
642 643 8
642 644 4
642 645 4
643 646 8
644 647 4
645 646 4
645 648 5
646 648 9
646 649 4
647 649 6
648 649 5
649 802 9
650 651 5
650 652 2
650 653 10
651 654 9
652 654 5
652 655 8
653 656 5
653 657 4
654 657 7
655 657 6
656 657 4
657 802 9
658 659 5
658 660 7
658 661 2
659 662 4
660 663 2
661 664 5
662 665 10
663 665 6
664 665 10
665 802 10
666 667 5
666 668 6
666 669 2
666 670 3
667 670 8
668 671 8
669 672 4
670 673 3
671 673 10
672 673 6
673 802 5
674 675 4
674 676 7
674 677 5
675 678 5
676 677 6
676 679 8
677 680 5
678 681 4
679 681 7
680 681 6
681 802 9
682 683 10
682 684 7
682 685 7
683 684 9
683 686 5
684 687 9
685 686 9
685 688 8
686 689 2
687 689 9
688 689 3
689 802 8
690 691 2
690 692 8
690 693 6
690 696 2
691 694 6
692 695 10
693 696 10
694 697 9
695 697 9
696 697 6
697 802 8
698 699 5
698 700 9
698 701 2
698 704 3
699 701 3
699 702 3
700 703 5
701 704 4
702 705 3
703 705 8
704 705 6
705 802 2
706 707 2
706 708 10
706 709 3
706 710 10
707 710 7
708 711 5
709 712 4
710 712 9
710 713 7
711 713 4
712 713 7
713 802 2
714 715 6
714 716 9
714 717 5
715 718 8
716 719 2
717 720 2
718 720 3
718 721 7
719 721 7
720 721 2
721 802 8
722 723 8
722 724 7
722 725 5
723 724 10
723 726 6
724 727 9
725 728 9
726 729 6
727 729 9
728 729 9
729 802 8
730 731 9
730 732 10
730 733 6
731 734 5
731 736 9
731 737 2
732 735 10
733 736 10
734 737 8
735 737 9
736 737 8
737 802 3
738 739 8
738 740 3
738 741 7
739 740 8
739 742 10
740 743 7
741 744 4
742 744 3
742 745 2
743 745 7
744 745 2
745 802 7
746 747 6
746 748 5
746 749 7
747 750 4
748 751 7
748 752 2
749 752 9
750 752 6
750 753 8
751 753 7
752 753 5
753 802 6
754 755 5
754 756 7
754 757 7
755 756 4
755 758 7
756 759 6
756 761 4
757 760 10
758 761 10
759 761 9
760 761 6
761 802 2
762 763 2
762 764 7
762 765 9
763 766 7
764 767 6
764 769 4
765 766 8
765 768 4
766 769 2
767 769 8
768 769 3
769 802 2
770 771 6
770 772 2
770 773 7
771 774 8
772 774 3
772 775 6
773 774 5
773 776 6
774 777 3
775 777 10
776 777 2
777 802 7
778 779 8
778 780 7
778 781 6
778 783 9
779 782 3
780 782 5
780 783 2
781 784 6
782 785 9
783 785 4
784 785 7
785 802 8
786 787 8
786 788 3
786 789 5
787 790 5
788 791 2
788 793 9
789 792 7
790 793 7
791 793 5
792 793 6
793 802 10
794 795 8
794 796 4
794 797 10
794 801 7
795 798 4
796 799 10
797 800 10
798 801 3
799 801 2
800 801 3
801 802 3
