202
1 2 9
1 10 4
1 18 3
1 26 2
1 34 7
1 42 5
1 50 2
1 58 7
1 66 8
1 74 3
1 82 2
1 90 7
1 98 6
1 106 4
1 114 6
1 122 5
1 130 8
1 138 3
1 146 5
1 154 8
1 162 5
1 170 4
1 178 5
1 186 4
1 194 9
2 3 2
2 4 8
2 5 6
2 9 10
3 6 9
4 5 5
4 7 6
5 8 6
6 9 3
7 9 9
8 9 2
9 202 7
10 11 3
10 12 7
10 13 2
10 17 4
11 14 2
12 15 9
13 16 8
14 17 7
15 17 8
16 17 6
17 202 2
18 19 10
18 20 2
18 21 5
19 22 9
20 23 4
20 25 5
21 24 9
22 24 6
22 25 3
23 25 5
24 25 3
25 202 8
26 27 6
26 28 6
26 29 3
27 30 3
28 30 7
28 31 9
29 30 3
29 32 9
30 33 9
31 33 9
32 33 2
33 202 3
34 35 10
34 36 5
34 37 4
35 37 5
35 38 4
36 39 6
37 40 5
37 41 8
38 41 9
39 41 8
40 41 8
41 202 4
42 43 8
42 44 2
42 45 3
43 46 2
44 47 3
45 48 7
46 49 5
47 49 6
48 49 9
49 202 2
50 51 4
50 52 3
50 53 2
51 54 7
52 55 2
53 55 7
53 56 9
54 55 6
54 57 2
55 57 10
56 57 9
57 202 5
58 59 6
58 60 6
58 61 9
59 62 2
60 63 9
61 64 4
62 65 3
63 65 8
64 65 8
65 202 7
66 67 2
66 68 10
66 69 7
67 70 7
68 71 8
69 72 6
69 73 6
70 73 5
71 73 5
72 73 8
73 202 10
74 75 3
74 76 10
74 77 9
74 79 10
75 78 6
76 79 5
77 80 6
78 81 7
79 81 8
80 81 3
81 202 9
82 83 8
82 84 4
82 85 9
83 86 7
84 87 3
85 88 8
86 89 3
87 89 8
88 89 10
89 202 2
90 91 9
90 92 3
90 93 3
90 97 7
91 94 8
92 95 3
93 96 3
94 97 8
95 97 10
96 97 9
97 202 4
98 99 6
98 100 5
98 101 8
98 104 3
99 102 4
100 103 4
101 104 2
102 105 8
103 105 7
104 105 8
105 202 7
106 107 5
106 108 7
106 109 8
107 110 3
108 111 3
109 111 8
109 112 8
110 113 7
111 113 7
112 113 5
113 202 8
114 115 10
114 116 2
114 117 4
114 118 5
115 118 6
116 117 4
116 119 3
117 120 3
118 121 3
119 121 2
120 121 3
121 202 10
122 123 9
122 124 3
122 125 8
123 126 4
124 127 7
125 128 9
126 129 9
127 129 7
128 129 9
129 202 10
130 131 2
130 132 3
130 133 6
131 134 7
132 133 3
132 135 2
133 136 9
134 137 7
135 137 4
136 137 9
137 202 5
138 139 7
138 140 7
138 141 2
139 142 5
140 143 10
140 144 7
141 143 6
141 144 4
142 145 8
143 145 2
144 145 2
145 202 7
146 147 6
146 148 9
146 149 2
146 150 9
147 150 8
148 151 5
149 152 9
150 153 8
151 153 8
152 153 10
153 202 3
154 155 2
154 156 3
154 157 8
155 158 6
156 158 8
156 159 4
157 160 4
158 160 10
158 161 4
159 161 10
160 161 10
161 202 6
162 163 3
162 164 3
162 165 3
162 167 3
163 166 2
163 168 10
164 167 4
165 168 9
166 169 10
167 169 5
168 169 7
169 202 8
170 171 7
170 172 3
170 173 3
170 175 7
171 172 4
171 174 8
172 175 6
173 176 3
174 177 7
175 177 9
176 177 9
177 202 2
178 179 6
178 180 6
178 181 3
179 182 4
180 182 10
180 183 5
181 184 10
182 185 4
183 185 4
184 185 5
185 202 2
186 187 6
186 188 6
186 189 7
187 190 3
188 191 4
188 193 9
189 192 5
190 193 10
191 193 5
192 193 10
193 202 7
194 195 8
194 196 5
194 197 2
195 198 5
196 199 7
197 200 8
197 201 5
198 201 6
199 201 6
200 201 10
201 202 4
