1202
1 2 7
1 10 2
1 18 4
1 26 4
1 34 9
1 42 7
1 50 4
1 58 4
1 66 6
1 74 5
1 82 4
1 90 9
1 98 8
1 106 10
1 114 4
1 122 3
1 130 10
1 138 5
1 146 2
1 154 5
1 162 7
1 170 2
1 178 7
1 186 6
1 194 6
1 202 5
1 210 2
1 218 2
1 226 10
1 234 2
1 242 3
1 250 9
1 258 4
1 266 8
1 274 9
1 282 5
1 290 6
1 298 5
1 306 4
1 314 7
1 322 5
1 330 5
1 338 7
1 346 8
1 354 7
1 362 7
1 370 10
1 378 2
1 386 9
1 394 8
1 402 5
1 410 3
1 418 9
1 426 7
1 434 2
1 442 3
1 450 7
1 458 10
1 466 8
1 474 9
1 482 8
1 490 5
1 498 6
1 506 6
1 514 7
1 522 8
1 530 6
1 538 9
1 546 3
1 554 5
1 562 9
1 570 5
1 578 7
1 586 5
1 594 2
1 602 7
1 610 2
1 618 7
1 626 6
1 634 3
1 642 9
1 650 5
1 658 8
1 666 5
1 674 10
1 682 10
1 690 5
1 698 6
1 706 5
1 714 9
1 722 4
1 730 9
1 738 2
1 746 9
1 754 3
1 762 3
1 770 2
1 778 8
1 786 9
1 794 4
1 802 7
1 810 9
1 818 10
1 826 9
1 834 10
1 842 7
1 850 10
1 858 6
1 866 4
1 874 3
1 882 9
1 890 8
1 898 3
1 906 3
1 914 4
1 922 3
1 930 10
1 938 10
1 946 6
1 954 4
1 962 10
1 970 2
1 978 4
1 986 8
1 994 3
1 1002 3
1 1010 8
1 1018 3
1 1026 5
1 1034 3
1 1042 2
1 1050 10
1 1058 8
1 1066 9
1 1074 2
1 1082 8
1 1090 4
1 1098 4
1 1106 5
1 1114 9
1 1122 7
1 1130 8
1 1138 2
1 1146 2
1 1154 6
1 1162 2
1 1170 4
1 1178 2
1 1186 4
1 1194 5
2 3 9
2 4 6
2 5 8
3 6 2
4 7 8
4 8 6
5 7 6
5 8 4
6 9 9
7 9 7
8 9 8
9 1202 5
10 11 9
10 12 4
10 13 9
11 14 4
12 15 10
13 16 10
14 17 5
15 16 8
15 17 5
16 17 3
17 1202 4
18 19 3
18 20 4
18 21 7
19 22 2
20 23 6
20 24 5
21 24 2
22 23 9
22 25 5
23 25 3
24 25 5
25 1202 6
26 27 8
26 28 8
26 29 10
27 30 5
28 31 7
29 32 6
30 33 7
31 33 6
32 33 8
33 1202 10
34 35 3
34 36 3
34 37 6
34 40 4
35 38 6
36 39 8
37 40 2
38 41 6
39 41 10
40 41 5
41 1202 6
42 43 10
42 44 8
42 45 9
43 46 8
44 47 5
45 48 9
46 48 4
46 49 3
47 49 8
48 49 7
49 1202 4
50 51 2
50 52 5
50 53 4
51 54 5
52 55 9
53 55 4
53 56 6
54 57 4
55 57 7
56 57 2
57 1202 7
58 59 3
58 60 4
58 61 2
59 62 4
60 63 6
61 64 10
62 65 9
63 65 6
64 65 10
65 1202 9
66 67 9
66 68 3
66 69 5
67 70 4
68 71 6
69 72 3
70 73 2
71 73 7
72 73 5
73 1202 7
74 75 5
74 76 3
74 77 2
75 78 8
75 80 2
76 79 7
76 81 10
77 80 3
78 81 9
79 81 5
80 81 5
81 1202 6
82 83 10
82 84 6
82 85 2
82 87 6
83 86 9
84 87 10
85 88 10
86 88 10
86 89 5
87 89 10
88 89 8
89 1202 4
90 91 7
90 92 10
90 93 9
90 94 4
91 94 10
92 95 9
93 96 10
94 97 6
95 97 8
96 97 2
97 1202 10
98 99 4
98 100 3
98 101 6
98 104 8
99 102 2
100 103 6
101 104 4
102 105 5
103 105 9
104 105 10
105 1202 5
106 107 2
106 108 5
106 109 6
107 110 9
108 111 5
108 113 8
109 112 10
110 113 4
111 113 4
112 113 7
113 1202 10
114 115 3
114 116 4
114 117 6
115 118 4
116 119 4
117 120 5
118 121 10
119 121 4
120 121 5
121 1202 3
122 123 2
122 124 5
122 125 10
123 126 6
123 127 10
124 127 4
125 128 6
126 129 6
127 129 9
128 129 7
129 1202 8
130 131 4
130 132 5
130 133 8
130 134 5
131 134 5
132 135 4
132 137 5
133 136 2
134 137 9
135 137 10
136 137 7
137 1202 2
138 139 5
138 140 5
138 141 9
139 142 7
139 145 3
140 143 7
141 144 2
142 145 6
143 145 4
144 145 4
145 1202 9
146 147 4
146 148 7
146 149 4
147 150 5
148 150 4
148 151 2
149 152 6
150 151 10
150 153 10
151 153 10
152 153 3
153 1202 9
154 155 4
154 156 9
154 157 10
155 158 3
156 157 4
156 159 6
156 161 8
157 160 2
158 161 10
159 161 3
160 161 7
161 1202 8
162 163 10
162 164 4
162 165 5
163 166 9
164 165 9
164 167 6
165 168 6
166 169 7
167 169 7
168 169 9
169 1202 6
170 171 9
170 172 9
170 173 5
170 176 9
171 174 10
172 175 3
172 176 9
173 176 5
174 177 9
175 177 2
176 177 2
177 1202 8
178 179 8
178 180 4
178 181 5
178 182 4
179 182 6
180 183 7
180 184 3
181 184 3
182 185 6
183 185 10
184 185 7
185 1202 8
186 187 3
186 188 8
186 189 5
187 190 5
187 192 9
188 191 6
189 192 7
190 192 5
190 193 3
191 193 7
192 193 7
193 1202 8
194 195 5
194 196 2
194 197 4
195 198 2
196 199 4
197 200 10
198 199 3
198 201 4
199 201 8
200 201 7
201 1202 6
202 203 3
202 204 5
202 205 2
203 206 8
203 208 9
204 206 9
204 207 7
205 208 3
206 209 10
207 209 8
208 209 6
209 1202 7
210 211 3
210 212 5
210 213 2
211 214 4
212 214 5
212 215 5
213 216 2
214 217 10
215 217 8
216 217 6
217 1202 4
218 219 3
218 220 8
218 221 6
219 222 3
220 222 5
220 223 9
221 224 9
222 225 2
223 225 9
224 225 6
225 1202 10
226 227 3
226 228 8
226 229 3
226 230 10
227 230 3
228 231 7
229 232 10
230 233 4
231 233 10
232 233 2
233 1202 8
234 235 4
234 236 5
234 237 5
235 237 10
235 238 9
236 239 2
237 238 2
237 240 9
238 241 8
239 241 5
240 241 6
241 1202 5
242 243 8
242 244 3
242 245 6
242 246 3
242 247 9
243 246 8
244 247 7
245 248 3
246 249 7
247 249 7
248 249 7
249 1202 7
250 251 8
250 252 7
250 253 2
251 254 7
252 255 3
253 256 10
254 257 7
255 256 9
255 257 3
256 257 9
257 1202 3
258 259 3
258 260 4
258 261 9
259 262 8
260 263 6
260 264 6
261 262 3
261 264 10
262 265 6
263 265 9
264 265 2
265 1202 10
266 267 8
266 268 6
266 269 4
267 270 3
267 273 4
268 271 8
269 272 7
270 273 2
271 273 9
272 273 9
273 1202 6
274 275 2
274 276 7
274 277 3
275 278 8
275 280 4
276 279 6
277 280 9
278 281 4
279 281 7
280 281 3
281 1202 3
282 283 4
282 284 9
282 285 9
283 286 10
283 287 10
284 285 7
284 287 2
285 288 8
286 289 7
287 289 4
288 289 7
289 1202 4
290 291 10
290 292 7
290 293 2
291 294 4
291 297 7
292 295 5
293 296 3
294 297 7
295 297 10
296 297 4
297 1202 9
298 299 2
298 300 5
298 301 4
299 301 10
299 302 2
300 303 5
301 304 8
302 305 9
303 305 5
304 305 10
305 1202 6
306 307 3
306 308 3
306 309 2
307 310 4
307 311 3
308 311 6
309 312 3
310 313 5
311 313 3
312 313 7
313 1202 2
314 315 4
314 316 7
314 317 10
315 317 8
315 318 9
316 319 10
317 320 9
318 321 8
319 321 3
320 321 9
321 1202 2
322 323 3
322 324 6
322 325 9
323 326 2
323 328 9
324 327 2
325 328 2
326 329 5
327 328 5
327 329 9
328 329 8
329 1202 7
330 331 5
330 332 8
330 333 8
331 334 9
331 336 3
332 335 4
333 336 7
334 337 10
335 337 7
336 337 10
337 1202 6
338 339 10
338 340 10
338 341 10
339 342 5
340 343 6
341 344 2
342 345 3
343 345 10
344 345 2
345 1202 7
346 347 3
346 348 10
346 349 6
347 350 4
348 351 10
348 353 5
349 352 10
350 353 8
351 352 2
351 353 5
352 353 9
353 1202 7
354 355 7
354 356 10
354 357 6
355 358 3
356 359 3
356 360 6
357 360 6
357 361 7
358 361 6
359 361 4
360 361 4
361 1202 9
362 363 7
362 364 2
362 365 10
363 366 3
364 366 4
364 367 8
365 368 5
366 369 4
367 369 7
368 369 8
369 1202 8
370 371 5
370 372 4
370 373 4
371 374 5
372 375 8
373 376 5
373 377 8
374 377 2
375 377 9
376 377 8
377 1202 7
378 379 2
378 380 9
378 381 6
379 382 9
380 383 4
380 384 8
381 384 8
382 385 8
383 385 4
384 385 7
385 1202 4
386 387 4
386 388 5
386 389 10
387 390 7
388 390 3
388 391 9
389 392 5
390 393 10
391 393 9
392 393 5
393 1202 4
394 395 7
394 396 4
394 397 4
394 401 5
395 398 2
396 399 9
397 400 10
398 401 7
399 401 7
400 401 5
401 1202 8
402 403 4
402 404 2
402 405 5
402 409 2
403 405 8
403 406 9
404 407 8
405 408 7
406 409 3
407 409 3
408 409 3
409 1202 5
410 411 6
410 412 6
410 413 6
411 414 9
411 415 2
411 416 6
412 415 9
413 416 2
414 417 5
415 417 8
416 417 10
417 1202 4
418 419 8
418 420 2
418 421 5
419 422 2
420 423 9
420 425 2
421 424 3
422 425 7
423 425 7
424 425 3
425 1202 6
426 427 4
426 428 3
426 429 10
427 430 8
428 431 7
428 433 2
429 432 7
429 433 9
430 433 10
431 433 6
432 433 10
433 1202 10
434 435 6
434 436 9
434 437 3
435 438 4
436 439 3
437 440 2
438 441 9
439 441 9
440 441 10
441 1202 2
442 443 8
442 444 10
442 445 6
443 446 2
444 445 9
444 447 4
445 448 5
446 449 8
447 449 6
448 449 9
449 1202 10
450 451 2
450 452 8
450 453 4
451 454 9
452 455 8
453 454 3
453 456 5
454 457 8
455 457 10
456 457 9
457 1202 7
458 459 9
458 460 2
458 461 10
459 462 9
460 462 7
460 463 10
461 462 4
461 464 6
462 465 5
463 465 8
464 465 9
465 1202 6
466 467 8
466 468 4
466 469 10
467 470 9
467 472 3
468 471 9
469 472 4
470 473 7
471 473 7
472 473 10
473 1202 6
474 475 2
474 476 8
474 477 6
475 478 7
476 479 9
477 480 3
478 481 5
479 481 6
480 481 2
481 1202 7
482 483 4
482 484 5
482 485 6
482 488 9
483 486 2
484 487 4
485 488 9
486 487 2
486 489 7
487 489 9
488 489 7
489 1202 2
490 491 10
490 492 9
490 493 5
491 494 3
491 496 7
492 495 9
493 496 8
494 497 5
495 497 4
496 497 9
497 1202 7
498 499 8
498 500 2
498 501 8
498 502 9
499 502 8
500 503 3
501 504 3
502 505 6
503 505 8
504 505 7
505 1202 3
506 507 2
506 508 4
506 509 7
507 510 9
507 513 2
508 511 6
509 512 10
510 513 5
511 513 5
512 513 4
513 1202 8
514 515 7
514 516 8
514 517 7
515 517 8
515 518 9
516 519 5
517 520 4
518 521 10
519 521 5
520 521 10
521 1202 7
522 523 7
522 524 9
522 525 8
523 526 3
524 527 6
525 526 8
525 528 8
526 529 6
527 528 6
527 529 4
528 529 10
529 1202 2
530 531 4
530 532 6
530 533 8
531 532 3
531 534 2
531 537 9
532 535 9
533 536 9
534 537 7
535 537 7
536 537 9
537 1202 5
538 539 6
538 540 2
538 541 8
539 542 7
540 543 2
541 544 8
542 543 6
542 545 3
543 545 3
544 545 7
545 1202 5
546 547 7
546 548 8
546 549 10
546 551 10
547 550 6
547 551 2
548 551 7
549 552 4
550 553 2
551 553 4
552 553 2
553 1202 8
554 555 7
554 556 10
554 557 4
555 558 4
555 561 5
556 557 3
556 559 5
557 560 4
558 561 9
559 561 3
560 561 10
561 1202 7
562 563 5
562 564 6
562 565 7
562 568 7
563 566 7
564 567 8
565 568 4
565 569 4
566 569 10
567 569 4
568 569 9
569 1202 6
570 571 3
570 572 3
570 573 5
571 574 4
572 574 6
572 575 4
573 576 9
574 577 8
575 577 2
576 577 5
577 1202 8
578 579 3
578 580 3
578 581 7
579 582 6
580 583 3
580 584 3
581 584 6
582 585 6
583 585 8
584 585 10
585 1202 7
586 587 4
586 588 5
586 589 4
587 590 4
587 591 5
588 591 7
589 591 8
589 592 3
590 593 6
591 593 2
592 593 10
593 1202 6
594 595 2
594 596 3
594 597 7
595 598 5
596 598 7
596 599 6
597 600 3
598 601 6
599 601 2
600 601 8
601 1202 4
602 603 8
602 604 6
602 605 2
602 607 8
603 606 5
604 607 8
605 608 7
606 609 6
607 609 9
608 609 8
609 1202 4
610 611 10
610 612 2
610 613 9
611 614 5
612 615 5
613 616 2
614 617 3
615 616 9
615 617 7
616 617 5
617 1202 7
618 619 8
618 620 7
618 621 5
619 622 8
620 623 5
621 624 10
621 625 9
622 625 4
623 625 6
624 625 4
625 1202 2
626 627 10
626 628 4
626 629 7
626 631 8
627 628 7
627 630 4
628 631 10
629 632 9
630 633 7
631 633 10
632 633 6
633 1202 8
634 635 7
634 636 7
634 637 2
635 638 5
635 639 2
636 639 8
637 640 7
638 640 9
638 641 5
639 641 3
640 641 7
641 1202 7
642 643 3
642 644 3
642 645 8
642 649 3
643 645 8
643 646 8
644 647 8
645 648 5
646 649 8
647 649 10
648 649 9
649 1202 8
650 651 5
650 652 10
650 653 5
651 654 4
652 654 4
652 655 3
653 656 5
654 657 2
655 657 5
656 657 8
657 1202 4
658 659 5
658 660 6
658 661 2
659 662 4
660 663 6
661 663 9
661 664 9
662 665 5
663 665 10
664 665 10
665 1202 10
666 667 9
666 668 10
666 669 6
667 670 3
668 671 3
669 671 10
669 672 8
670 673 7
671 673 10
672 673 10
673 1202 4
674 675 4
674 676 2
674 677 9
675 677 5
675 678 5
676 679 3
677 680 9
678 681 8
679 680 6
679 681 6
680 681 5
681 1202 4
682 683 5
682 684 7
682 685 2
683 686 5
683 687 9
684 687 4
685 688 8
686 689 10
687 689 9
688 689 3
689 1202 4
690 691 6
690 692 3
690 693 10
691 694 6
692 695 5
693 696 9
694 697 4
695 697 9
696 697 10
697 1202 3
698 699 4
698 700 4
698 701 2
699 702 7
700 702 10
700 703 9
701 704 3
702 705 7
703 705 8
704 705 10
705 1202 6
706 707 6
706 708 5
706 709 2
707 710 3
708 711 4
709 711 7
709 712 3
710 713 3
711 713 4
712 713 6
713 1202 10
714 715 10
714 716 4
714 717 9
715 718 7
715 721 9
716 719 6
717 720 10
718 721 7
719 721 2
720 721 2
721 1202 8
722 723 7
722 724 6
722 725 9
723 724 8
723 726 10
724 725 5
724 727 9
725 728 9
726 729 10
727 729 4
728 729 4
729 1202 3
730 731 4
730 732 9
730 733 10
730 734 9
731 732 2
731 734 9
732 735 5
733 736 5
734 737 3
735 737 4
736 737 3
737 1202 7
738 739 7
738 740 7
738 741 7
739 740 10
739 742 5
740 742 2
740 743 6
741 744 8
742 745 6
743 745 7
744 745 2
745 1202 2
746 747 10
746 748 5
746 749 6
747 750 8
748 751 2
749 751 3
749 752 9
750 753 8
751 753 6
752 753 4
753 1202 10
754 755 4
754 756 7
754 757 6
755 756 3
755 758 6
756 759 10
757 760 9
758 761 9
759 761 8
760 761 10
761 1202 10
762 763 10
762 764 7
762 765 9
762 766 3
763 766 7
764 767 10
765 768 3
766 768 10
766 769 6
767 769 8
768 769 7
769 1202 2
770 771 10
770 772 6
770 773 7
770 774 9
771 774 8
772 775 10
773 774 9
773 776 10
774 777 2
775 777 10
776 777 6
777 1202 2
778 779 7
778 780 2
778 781 10
779 782 7
780 783 2
781 784 5
782 784 2
782 785 9
783 785 8
784 785 7
785 1202 3
786 787 8
786 788 3
786 789 5
786 790 3
787 790 4
788 791 6
789 790 4
789 792 2
790 793 2
791 793 5
792 793 5
793 1202 5
794 795 8
794 796 3
794 797 10
794 801 10
795 798 8
796 798 2
796 799 10
797 800 10
798 801 7
799 801 10
800 801 7
801 1202 3
802 803 8
802 804 6
802 805 6
803 806 3
804 806 7
804 807 7
805 806 8
805 808 4
806 809 3
807 809 8
808 809 2
809 1202 4
810 811 9
810 812 4
810 813 3
811 814 4
812 815 9
813 816 9
814 817 9
815 817 7
816 817 4
817 1202 2
818 819 2
818 820 9
818 821 10
819 821 4
819 822 7
820 823 7
821 824 3
822 823 10
822 825 5
823 825 4
824 825 7
825 1202 6
826 827 9
826 828 6
826 829 6
827 830 6
828 829 3
828 831 10
828 833 4
829 832 8
830 833 6
831 833 8
832 833 4
833 1202 6
834 835 6
834 836 4
834 837 6
835 838 9
836 837 4
836 839 8
837 840 7
837 841 2
838 841 6
839 841 3
840 841 3
841 1202 8
842 843 7
842 844 2
842 845 6
843 846 6
843 849 3
844 846 10
844 847 6
845 848 9
846 849 7
847 849 8
848 849 2
849 1202 4
850 851 8
850 852 8
850 853 2
851 854 6
851 855 7
852 855 3
853 856 2
853 857 9
854 857 6
855 857 10
856 857 7
857 1202 8
858 859 9
858 860 7
858 861 9
859 861 8
859 862 4
860 863 7
861 864 7
862 865 4
863 865 2
864 865 10
865 1202 4
866 867 5
866 868 7
866 869 2
867 870 6
867 871 6
868 871 6
869 872 2
870 873 6
871 873 7
872 873 9
873 1202 2
874 875 3
874 876 9
874 877 5
875 878 10
876 879 8
877 880 4
877 881 6
878 881 8
879 881 2
880 881 10
881 1202 3
882 883 6
882 884 2
882 885 8
882 887 8
883 886 10
884 887 7
884 888 3
885 888 3
886 889 8
887 889 3
888 889 2
889 1202 8
890 891 7
890 892 7
890 893 7
891 894 10
892 895 8
893 895 10
893 896 7
894 897 7
895 897 2
896 897 8
897 1202 9
898 899 6
898 900 3
898 901 4
899 902 9
900 903 8
901 904 9
902 905 3
903 905 9
904 905 9
905 1202 6
906 907 4
906 908 3
906 909 6
907 910 7
908 911 9
909 911 8
909 912 9
910 913 9
911 913 3
912 913 2
913 1202 5
914 915 5
914 916 2
914 917 5
915 918 10
916 919 7
917 920 6
918 921 6
919 921 4
920 921 9
921 1202 8
922 923 4
922 924 4
922 925 3
923 926 7
924 927 7
924 928 7
925 928 8
926 928 3
926 929 8
927 929 2
928 929 9
929 1202 2
930 931 7
930 932 4
930 933 6
931 934 2
931 937 2
932 935 6
933 936 3
934 937 7
935 937 2
936 937 8
937 1202 8
938 939 4
938 940 6
938 941 2
939 942 2
940 943 6
941 944 7
941 945 7
942 945 2
943 945 4
944 945 9
945 1202 3
946 947 5
946 948 4
946 949 8
947 950 9
948 951 3
949 951 10
949 952 2
950 953 7
951 953 7
952 953 9
953 1202 4
954 955 8
954 956 6
954 957 7
954 958 8
955 958 2
956 959 2
956 960 5
957 960 5
958 961 6
959 961 7
960 961 10
961 1202 4
962 963 6
962 964 3
962 965 9
962 967 6
963 966 4
964 967 7
965 967 10
965 968 8
966 969 7
967 969 2
968 969 2
969 1202 10
970 971 9
970 972 6
970 973 3
971 974 9
972 975 4
973 976 10
974 976 8
974 977 4
975 976 4
975 977 6
976 977 7
977 1202 4
978 979 4
978 980 4
978 981 7
978 984 10
979 982 9
980 983 5
981 984 5
982 985 5
983 985 8
984 985 9
985 1202 3
986 987 7
986 988 5
986 989 5
986 992 2
987 990 3
988 991 6
989 992 2
990 993 8
991 993 4
992 993 9
993 1202 4
994 995 10
994 996 4
994 997 5
995 998 7
996 997 8
996 998 9
996 999 9
997 1000 8
998 1001 5
999 1001 6
1000 1001 9
1001 1202 9
1002 1003 8
1002 1004 3
1002 1005 2
1003 1006 5
1003 1008 10
1004 1007 10
1005 1008 8
1006 1008 3
1006 1009 4
1007 1009 10
1008 1009 10
1009 1202 3
1010 1011 8
1010 1012 5
1010 1013 10
1011 1014 7
1012 1014 8
1012 1015 8
1012 1016 7
1013 1016 5
1014 1017 7
1015 1017 2
1016 1017 10
1017 1202 3
1018 1019 8
1018 1020 8
1018 1021 5
1019 1022 10
1019 1024 2
1020 1023 7
1020 1024 10
1021 1024 10
1022 1025 8
1023 1025 10
1024 1025 9
1025 1202 3
1026 1027 7
1026 1028 6
1026 1029 6
1027 1030 6
1028 1031 10
1028 1033 8
1029 1032 10
1030 1033 6
1031 1032 7
1031 1033 9
1032 1033 9
1033 1202 2
1034 1035 7
1034 1036 3
1034 1037 8
1035 1038 5
1036 1038 7
1036 1039 10
1037 1040 3
1038 1041 4
1039 1041 7
1040 1041 5
1041 1202 3
1042 1043 10
1042 1044 8
1042 1045 7
1042 1047 10
1043 1046 4
1044 1047 9
1045 1048 8
1046 1049 2
1047 1049 7
1048 1049 10
1049 1202 10
1050 1051 9
1050 1052 9
1050 1053 2
1051 1054 8
1051 1057 2
1052 1055 6
1052 1056 8
1053 1056 2
1054 1057 10
1055 1057 7
1056 1057 10
1057 1202 2
1058 1059 2
1058 1060 6
1058 1061 8
1059 1062 3
1060 1063 6
1061 1064 4
1062 1065 10
1063 1065 3
1064 1065 2
1065 1202 5
1066 1067 8
1066 1068 10
1066 1069 10
1067 1070 4
1068 1071 4
1068 1072 5
1069 1072 8
1070 1073 7
1071 1073 2
1072 1073 7
1073 1202 9
1074 1075 8
1074 1076 9
1074 1077 2
1075 1078 4
1076 1079 8
1077 1079 4
1077 1080 9
1078 1081 6
1079 1081 2
1080 1081 6
1081 1202 6
1082 1083 5
1082 1084 7
1082 1085 3
1083 1086 4
1084 1085 3
1084 1086 4
1084 1087 4
1085 1088 6
1086 1089 4
1087 1089 2
1088 1089 6
1089 1202 3
1090 1091 9
1090 1092 8
1090 1093 6
1091 1094 9
1092 1095 10
1093 1095 10
1093 1096 4
1094 1096 8
1094 1097 3
1095 1097 5
1096 1097 10
1097 1202 9
1098 1099 6
1098 1100 8
1098 1101 7
1099 1102 7
1100 1103 5
1101 1104 10
1101 1105 3
1102 1105 4
1103 1105 3
1104 1105 3
1105 1202 7
1106 1107 8
1106 1108 8
1106 1109 4
1106 1112 8
1107 1110 10
1108 1111 6
1109 1112 9
1110 1112 7
1110 1113 6
1111 1113 9
1112 1113 8
1113 1202 6
1114 1115 4
1114 1116 6
1114 1117 10
1115 1118 8
1116 1119 2
1117 1120 9
1118 1121 10
1119 1121 3
1120 1121 5
1121 1202 9
1122 1123 2
1122 1124 8
1122 1125 9
1123 1125 8
1123 1126 10
1124 1127 10
1125 1128 4
1126 1129 5
1127 1129 8
1128 1129 8
1129 1202 3
1130 1131 10
1130 1132 5
1130 1133 5
1131 1134 8
1132 1134 8
1132 1135 4
1133 1136 8
1134 1137 2
1135 1137 6
1136 1137 9
1137 1202 2
1138 1139 9
1138 1140 9
1138 1141 9
1139 1141 2
1139 1142 6
1140 1143 9
1141 1142 7
1141 1144 9
1142 1145 7
1143 1145 9
1144 1145 7
1145 1202 4
1146 1147 5
1146 1148 5
1146 1149 2
1147 1150 2
1147 1151 3
1148 1151 5
1149 1152 4
1150 1152 9
1150 1153 4
1151 1153 5
1152 1153 9
1153 1202 4
1154 1155 4
1154 1156 3
1154 1157 6
1155 1158 9
1156 1159 8
1156 1161 10
1157 1160 8
1158 1159 8
1158 1161 2
1159 1161 5
1160 1161 2
1161 1202 6
1162 1163 5
1162 1164 9
1162 1165 5
1163 1166 10
1164 1167 5
1165 1168 2
1165 1169 2
1166 1169 8
1167 1169 4
1168 1169 7
1169 1202 8
1170 1171 3
1170 1172 6
1170 1173 5
1171 1174 9
1172 1175 10
1172 1177 7
1173 1176 9
1174 1177 9
1175 1177 10
1176 1177 7
1177 1202 3
1178 1179 8
1178 1180 2
1178 1181 7
1179 1182 3
1180 1183 9
1181 1184 9
1182 1185 2
1183 1184 4
1183 1185 8
1184 1185 9
1185 1202 7
1186 1187 4
1186 1188 3
1186 1189 10
1187 1190 4
1187 1192 10
1188 1191 5
1189 1192 4
1190 1193 10
1191 1193 7
1192 1193 5
1193 1202 3
1194 1195 10
1194 1196 9
1194 1197 2
1195 1197 5
1195 1198 4
1196 1199 3
1197 1200 4
1198 1201 3
1199 1201 6
1200 1201 3
1201 1202 7
